Model: D:\CanSat2018\Granum\chute\the_hope
Number of parts: 3
Number of frames: 101
MaFrame 0
Part: 1 (39)
  1.000000000000e+000  0.000000000000e+000  0.000000000000e+000
  0.000000000000e+000  1.000000000000e+000  0.000000000000e+000
  0.000000000000e+000  0.000000000000e+000  1.000000000000e+000
  0.000000000000e+000  0.000000000000e+000  0.000000000000e+000
Part: 1 (143)
  4.440892098501e-016 -1.000000000000e+000 -2.220446049250e-016
  1.000000000000e+000  4.440892098501e-016  4.930380657631e-032
  4.930380657631e-032 -2.220446049250e-016  1.000000000000e+000
  0.000000000000e+000  4.800000000000e+001  1.249031846458e-031
Part: 1 (281)
 -1.000000000000e+000  0.000000000000e+000  0.000000000000e+000
  0.000000000000e+000 -1.000000000000e+000  0.000000000000e+000
  0.000000000000e+000  0.000000000000e+000  1.000000000000e+000
  0.000000000000e+000  2.500000000000e+000 -2.664541382334e-015
Part: 1 (380)
  1.000000000000e+000  0.000000000000e+000  0.000000000000e+000
  0.000000000000e+000  1.000000000000e+000  0.000000000000e+000
  0.000000000000e+000  0.000000000000e+000  1.000000000000e+000
  1.072798686932e-001  5.000000000000e+001  0.000000000000e+000
Part: 1 (556)
 -1.000000000000e+000  0.000000000000e+000  0.000000000000e+000
  0.000000000000e+000 -1.000000000000e+000  0.000000000000e+000
  0.000000000000e+000  0.000000000000e+000  1.000000000000e+000
 -1.072798686932e-001  5.300000000000e+001  0.000000000000e+000
MaFrame 1
Part: 1 (39)
  1.000000000000e+000  0.000000000000e+000  0.000000000000e+000
  0.000000000000e+000  1.000000000000e+000  0.000000000000e+000
  0.000000000000e+000  0.000000000000e+000  1.000000000000e+000
  0.000000000000e+000  0.000000000000e+000  0.000000000000e+000
Part: 1 (143)
  4.440892098501e-016 -1.000000000000e+000 -2.220446049250e-016
  1.000000000000e+000  4.440892098501e-016  4.930380657631e-032
  4.930380657631e-032 -2.220446049250e-016  1.000000000000e+000
  0.000000000000e+000  4.839285714286e+001  8.723180907769e-017
Part: 1 (281)
 -1.000000000000e+000  0.000000000000e+000  0.000000000000e+000
  0.000000000000e+000 -1.000000000000e+000  0.000000000000e+000
  0.000000000000e+000  0.000000000000e+000  1.000000000000e+000
  0.000000000000e+000  2.500000000000e+000 -2.664541382334e-015
Part: 1 (380)
  9.993908270191e-001 -3.489949670250e-002  0.000000000000e+000
  3.489949670250e-002  9.993908270191e-001  0.000000000000e+000
  0.000000000000e+000  0.000000000000e+000  1.000000000000e+000
  7.831843140683e-002  5.134080036909e+001  0.000000000000e+000
Part: 1 (556)
 -9.993908270191e-001 -3.489949670250e-002  0.000000000000e+000
  3.489949670250e-002 -9.993908270191e-001  0.000000000000e+000
  0.000000000000e+000  0.000000000000e+000  1.000000000000e+000
 -1.830169215143e-001  5.433897285015e+001  0.000000000000e+000
MaFrame 2
Part: 1 (39)
  1.000000000000e+000  0.000000000000e+000  0.000000000000e+000
  0.000000000000e+000  1.000000000000e+000  0.000000000000e+000
  0.000000000000e+000  0.000000000000e+000  1.000000000000e+000
  0.000000000000e+000  0.000000000000e+000  0.000000000000e+000
Part: 1 (143)
  4.440892098501e-016 -1.000000000000e+000 -2.220446049250e-016
  1.000000000000e+000  4.440892098501e-016  4.930380657631e-032
  4.930380657631e-032 -2.220446049250e-016  1.000000000000e+000
  0.000000000000e+000  4.878571428571e+001  1.744636181554e-016
Part: 1 (281)
 -1.000000000000e+000  0.000000000000e+000  0.000000000000e+000
  0.000000000000e+000 -1.000000000000e+000  0.000000000000e+000
  0.000000000000e+000  0.000000000000e+000  1.000000000000e+000
  0.000000000000e+000  2.500000000000e+000 -2.664541382334e-015
Part: 1 (380)
  9.975640502598e-001 -6.975647374413e-002  0.000000000000e+000
  6.975647374413e-002  9.975640502598e-001  0.000000000000e+000
  0.000000000000e+000  0.000000000000e+000  1.000000000000e+000
  9.616789470549e-002  5.268179469842e+001  0.000000000000e+000
Part: 1 (556)
 -9.975640502598e-001 -6.975647374413e-002  0.000000000000e+000
  6.975647374413e-002 -9.975640502598e-001  0.000000000000e+000
  0.000000000000e+000  0.000000000000e+000  1.000000000000e+000
 -3.054373159379e-001  5.567448684919e+001  0.000000000000e+000
MaFrame 3
Part: 1 (39)
  1.000000000000e+000  0.000000000000e+000  0.000000000000e+000
  0.000000000000e+000  1.000000000000e+000  0.000000000000e+000
  0.000000000000e+000  0.000000000000e+000  1.000000000000e+000
  0.000000000000e+000  0.000000000000e+000  0.000000000000e+000
Part: 1 (143)
  4.440892098501e-016 -1.000000000000e+000 -2.220446049250e-016
  1.000000000000e+000  4.440892098501e-016  4.930380657631e-032
  4.930380657631e-032 -2.220446049250e-016  1.000000000000e+000
  0.000000000000e+000  4.917857142857e+001  2.616954272331e-016
Part: 1 (281)
 -1.000000000000e+000  0.000000000000e+000  0.000000000000e+000
  0.000000000000e+000 -1.000000000000e+000  0.000000000000e+000
  0.000000000000e+000  0.000000000000e+000  1.000000000000e+000
  0.000000000000e+000  2.500000000000e+000 -2.664541382334e-015
Part: 1 (380)
  9.945218953683e-001 -1.045284632677e-001  0.000000000000e+000
  1.045284632677e-001  9.945218953683e-001  0.000000000000e+000
  0.000000000000e+000  0.000000000000e+000  1.000000000000e+000
  1.608065117676e-001  5.402134919294e+001  0.000000000000e+000
Part: 1 (556)
 -9.945218953683e-001 -1.045284632677e-001  0.000000000000e+000
  1.045284632677e-001 -9.945218953683e-001  0.000000000000e+000
  0.000000000000e+000  0.000000000000e+000  1.000000000000e+000
 -4.743919015706e-001  5.700491487904e+001  0.000000000000e+000
MaFrame 4
Part: 1 (39)
  1.000000000000e+000  0.000000000000e+000  0.000000000000e+000
  0.000000000000e+000  1.000000000000e+000  0.000000000000e+000
  0.000000000000e+000  0.000000000000e+000  1.000000000000e+000
  0.000000000000e+000  0.000000000000e+000  0.000000000000e+000
Part: 1 (143)
  4.440892098501e-016 -1.000000000000e+000 -2.220446049250e-016
  1.000000000000e+000  4.440892098501e-016  4.930380657631e-032
  4.930380657631e-032 -2.220446049250e-016  1.000000000000e+000
  0.000000000000e+000  4.957142857143e+001  3.489272363108e-016
Part: 1 (281)
 -1.000000000000e+000  0.000000000000e+000  0.000000000000e+000
  0.000000000000e+000 -1.000000000000e+000  0.000000000000e+000
  0.000000000000e+000  0.000000000000e+000  1.000000000000e+000
  0.000000000000e+000  2.500000000000e+000 -2.664541382334e-015
Part: 1 (380)
  9.902680687416e-001 -1.391731009601e-001  0.000000000000e+000
  1.391731009601e-001  9.902680687416e-001  0.000000000000e+000
  0.000000000000e+000  0.000000000000e+000  1.000000000000e+000
  2.721555303951e-001  5.535783181185e+001  0.000000000000e+000
Part: 1 (556)
 -9.902680687416e-001 -1.391731009601e-001  0.000000000000e+000
  1.391731009601e-001 -9.902680687416e-001  0.000000000000e+000
  0.000000000000e+000  0.000000000000e+000  1.000000000000e+000
 -6.896748332753e-001  5.832863601808e+001  0.000000000000e+000
MaFrame 5
Part: 1 (39)
  1.000000000000e+000  0.000000000000e+000  0.000000000000e+000
  0.000000000000e+000  1.000000000000e+000  0.000000000000e+000
  0.000000000000e+000  0.000000000000e+000  1.000000000000e+000
  0.000000000000e+000  0.000000000000e+000  0.000000000000e+000
Part: 1 (143)
  4.440892098501e-016 -1.000000000000e+000 -2.220446049250e-016
  1.000000000000e+000  4.440892098501e-016  4.930380657631e-032
  4.930380657631e-032 -2.220446049250e-016  1.000000000000e+000
  0.000000000000e+000  4.996428571429e+001  4.361590453885e-016
Part: 1 (281)
 -1.000000000000e+000  0.000000000000e+000  0.000000000000e+000
  0.000000000000e+000 -1.000000000000e+000  0.000000000000e+000
  0.000000000000e+000  0.000000000000e+000  1.000000000000e+000
  0.000000000000e+000  2.500000000000e+000 -2.664541382334e-015
Part: 1 (380)
  9.848077530122e-001 -1.736481776669e-001  0.000000000000e+000
  1.736481776669e-001  9.848077530122e-001  0.000000000000e+000
  0.000000000000e+000  0.000000000000e+000  1.000000000000e+000
  4.300792889608e-001  5.668961425696e+001  0.000000000000e+000
Part: 1 (556)
 -9.848077530122e-001 -1.736481776669e-001  0.000000000000e+000
  1.736481776669e-001 -9.848077530122e-001  0.000000000000e+000
  0.000000000000e+000  0.000000000000e+000  1.000000000000e+000
 -9.510238219616e-001  5.964403751600e+001  0.000000000000e+000
MaFrame 6
Part: 1 (39)
  1.000000000000e+000  0.000000000000e+000  0.000000000000e+000
  0.000000000000e+000  1.000000000000e+000  0.000000000000e+000
  0.000000000000e+000  0.000000000000e+000  1.000000000000e+000
  0.000000000000e+000  0.000000000000e+000  0.000000000000e+000
Part: 1 (143)
  4.440892098501e-016 -1.000000000000e+000 -2.220446049250e-016
  1.000000000000e+000  4.440892098501e-016  4.930380657631e-032
  4.930380657631e-032 -2.220446049250e-016  1.000000000000e+000
  0.000000000000e+000  5.035714285714e+001  5.233908544661e-016
Part: 1 (281)
 -1.000000000000e+000  0.000000000000e+000  0.000000000000e+000
  0.000000000000e+000 -1.000000000000e+000  0.000000000000e+000
  0.000000000000e+000  0.000000000000e+000  1.000000000000e+000
  0.000000000000e+000  2.500000000000e+000 -2.664541382334e-015
Part: 1 (380)
  9.781476007338e-001 -2.079116908178e-001  0.000000000000e+000
  2.079116908178e-001  9.781476007338e-001  0.000000000000e+000
  0.000000000000e+000  0.000000000000e+000  1.000000000000e+000
  6.343853816911e-001  5.801507395649e+001  0.000000000000e+000
Part: 1 (556)
 -9.781476007338e-001 -2.079116908178e-001  0.000000000000e+000
  2.079116908178e-001 -9.781476007338e-001  0.000000000000e+000
  0.000000000000e+000  0.000000000000e+000  1.000000000000e+000
 -1.258120454144e+000  6.094951675869e+001  0.000000000000e+000
MaFrame 7
Part: 1 (39)
  1.000000000000e+000  0.000000000000e+000  0.000000000000e+000
  0.000000000000e+000  1.000000000000e+000  0.000000000000e+000
  0.000000000000e+000  0.000000000000e+000  1.000000000000e+000
  0.000000000000e+000  0.000000000000e+000  0.000000000000e+000
Part: 1 (143)
  4.440892098501e-016 -1.000000000000e+000 -2.220446049250e-016
  1.000000000000e+000  4.440892098501e-016  4.930380657631e-032
  4.930380657631e-032 -2.220446049250e-016  1.000000000000e+000
  0.000000000000e+000  5.075000000000e+001  6.106226635438e-016
Part: 1 (281)
 -1.000000000000e+000  0.000000000000e+000  0.000000000000e+000
  0.000000000000e+000 -1.000000000000e+000  0.000000000000e+000
  0.000000000000e+000  0.000000000000e+000  1.000000000000e+000
  0.000000000000e+000  2.500000000000e+000 -2.664541382334e-015
Part: 1 (380)
  9.702957262760e-001 -2.419218955997e-001  0.000000000000e+000
  2.419218955997e-001  9.702957262760e-001  0.000000000000e+000
  0.000000000000e+000  0.000000000000e+000  1.000000000000e+000
  8.848248930831e-001  5.933259604198e+001  0.000000000000e+000
Part: 1 (556)
 -9.702957262760e-001 -2.419218955997e-001  0.000000000000e+000
  2.419218955997e-001 -9.702957262760e-001  0.000000000000e+000
  0.000000000000e+000  0.000000000000e+000  1.000000000000e+000
 -1.610590579882e+000  6.224348322081e+001  0.000000000000e+000
MaFrame 8
Part: 1 (39)
  1.000000000000e+000  0.000000000000e+000  0.000000000000e+000
  0.000000000000e+000  1.000000000000e+000  0.000000000000e+000
  0.000000000000e+000  0.000000000000e+000  1.000000000000e+000
  0.000000000000e+000  0.000000000000e+000  0.000000000000e+000
Part: 1 (143)
  4.440892098501e-016 -1.000000000000e+000 -2.220446049250e-016
  1.000000000000e+000  4.440892098501e-016  4.930380657631e-032
  4.930380657631e-032 -2.220446049250e-016  1.000000000000e+000
  0.000000000000e+000  5.114285714286e+001  6.978544726215e-016
Part: 1 (281)
 -1.000000000000e+000  0.000000000000e+000  0.000000000000e+000
  0.000000000000e+000 -1.000000000000e+000  0.000000000000e+000
  0.000000000000e+000  0.000000000000e+000  1.000000000000e+000
  0.000000000000e+000  2.500000000000e+000 -2.664541382334e-015
Part: 1 (380)
  9.612616959383e-001 -2.756373558170e-001  0.000000000000e+000
  2.756373558170e-001  9.612616959383e-001  0.000000000000e+000
  0.000000000000e+000  0.000000000000e+000  1.000000000000e+000
  1.181092701169e+000  6.064057531571e+001  0.000000000000e+000
Part: 1 (556)
 -9.612616959383e-001 -2.756373558170e-001  0.000000000000e+000
  2.756373558170e-001 -9.612616959383e-001  0.000000000000e+000
  0.000000000000e+000  0.000000000000e+000  1.000000000000e+000
 -2.008004768620e+000  6.352436040352e+001  0.000000000000e+000
MaFrame 9
Part: 1 (39)
  1.000000000000e+000  0.000000000000e+000  0.000000000000e+000
  0.000000000000e+000  1.000000000000e+000  0.000000000000e+000
  0.000000000000e+000  0.000000000000e+000  1.000000000000e+000
  0.000000000000e+000  0.000000000000e+000  0.000000000000e+000
Part: 1 (143)
  4.440892098501e-016 -1.000000000000e+000 -2.220446049250e-016
  1.000000000000e+000  4.440892098501e-016  4.930380657631e-032
  4.930380657631e-032 -2.220446049250e-016  1.000000000000e+000
  0.000000000000e+000  5.153571428571e+001  7.850862816992e-016
Part: 1 (281)
 -1.000000000000e+000  0.000000000000e+000  0.000000000000e+000
  0.000000000000e+000 -1.000000000000e+000  0.000000000000e+000
  0.000000000000e+000  0.000000000000e+000  1.000000000000e+000
  0.000000000000e+000  2.500000000000e+000 -2.664541382334e-015
Part: 1 (380)
  9.510565162952e-001 -3.090169943749e-001  0.000000000000e+000
  3.090169943749e-001  9.510565162952e-001  0.000000000000e+000
  0.000000000000e+000  0.000000000000e+000  1.000000000000e+000
  1.522827849262e+000  6.193741820641e+001  0.000000000000e+000
Part: 1 (556)
 -9.510565162952e-001 -3.090169943749e-001  0.000000000000e+000
  3.090169943749e-001 -9.510565162952e-001  0.000000000000e+000
  0.000000000000e+000  0.000000000000e+000  1.000000000000e+000
 -2.449878832387e+000  6.479058775530e+001  0.000000000000e+000
MaFrame 10
Part: 1 (39)
  1.000000000000e+000  0.000000000000e+000  0.000000000000e+000
  0.000000000000e+000  1.000000000000e+000  0.000000000000e+000
  0.000000000000e+000  0.000000000000e+000  1.000000000000e+000
  0.000000000000e+000  0.000000000000e+000  0.000000000000e+000
Part: 1 (143)
  4.440892098501e-016 -1.000000000000e+000 -2.220446049250e-016
  1.000000000000e+000  4.440892098501e-016  4.930380657631e-032
  4.930380657631e-032 -2.220446049250e-016  1.000000000000e+000
  0.000000000000e+000  5.192857142857e+001  8.723180907769e-016
Part: 1 (281)
 -1.000000000000e+000  0.000000000000e+000  0.000000000000e+000
  0.000000000000e+000 -1.000000000000e+000  0.000000000000e+000
  0.000000000000e+000  0.000000000000e+000  1.000000000000e+000
  0.000000000000e+000  2.500000000000e+000 -2.664541382334e-015
Part: 1 (380)
  9.396926207859e-001 -3.420201433257e-001  0.000000000000e+000
  3.420201433257e-001  9.396926207859e-001  0.000000000000e+000
  0.000000000000e+000  0.000000000000e+000  1.000000000000e+000
  1.909613985724e+000  6.322154471079e+001  0.000000000000e+000
Part: 1 (556)
 -9.396926207859e-001 -3.420201433257e-001  0.000000000000e+000
  3.420201433257e-001 -9.396926207859e-001  0.000000000000e+000
  0.000000000000e+000  0.000000000000e+000  1.000000000000e+000
 -2.935674415701e+000  6.604062257315e+001  0.000000000000e+000
MaFrame 11
Part: 1 (39)
  1.000000000000e+000  0.000000000000e+000  0.000000000000e+000
  0.000000000000e+000  1.000000000000e+000  0.000000000000e+000
  0.000000000000e+000  0.000000000000e+000  1.000000000000e+000
  0.000000000000e+000  0.000000000000e+000  0.000000000000e+000
Part: 1 (143)
  4.440892098501e-016 -1.000000000000e+000 -2.220446049250e-016
  1.000000000000e+000  4.440892098501e-016  4.930380657631e-032
  4.930380657631e-032 -2.220446049250e-016  1.000000000000e+000
  0.000000000000e+000  5.232142857143e+001  9.595498998546e-016
Part: 1 (281)
 -1.000000000000e+000  0.000000000000e+000  0.000000000000e+000
  0.000000000000e+000 -1.000000000000e+000  0.000000000000e+000
  0.000000000000e+000  0.000000000000e+000  1.000000000000e+000
  0.000000000000e+000  2.500000000000e+000 -2.664541382334e-015
Part: 1 (380)
  8.910065241884e-001 -4.539904997395e-001  0.000000000000e+000
  4.539904997395e-001  8.910065241884e-001  0.000000000000e+000
  0.000000000000e+000  0.000000000000e+000  1.000000000000e+000
  3.610850132058e+000  6.759342041249e+001  0.000000000000e+000
Part: 1 (556)
 -8.910065241884e-001 -4.539904997395e-001  0.000000000000e+000
  4.539904997395e-001 -8.910065241884e-001  0.000000000000e+000
  0.000000000000e+000  0.000000000000e+000  1.000000000000e+000
 -4.972821631277e+000  7.026643998506e+001  0.000000000000e+000
MaFrame 12
Part: 1 (39)
  1.000000000000e+000  0.000000000000e+000  0.000000000000e+000
  0.000000000000e+000  1.000000000000e+000  0.000000000000e+000
  0.000000000000e+000  0.000000000000e+000  1.000000000000e+000
  0.000000000000e+000  0.000000000000e+000  0.000000000000e+000
Part: 1 (143)
  4.440892098501e-016 -1.000000000000e+000 -2.220446049250e-016
  1.000000000000e+000  4.440892098501e-016  4.930380657631e-032
  4.930380657631e-032 -2.220446049250e-016  1.000000000000e+000
  0.000000000000e+000  5.271428571429e+001  1.046781708932e-015
Part: 1 (281)
 -1.000000000000e+000  0.000000000000e+000  0.000000000000e+000
  0.000000000000e+000 -1.000000000000e+000  0.000000000000e+000
  0.000000000000e+000  0.000000000000e+000  1.000000000000e+000
  0.000000000000e+000  2.500000000000e+000 -2.664541382334e-015
Part: 1 (380)
  8.290375725550e-001 -5.591929034707e-001  0.000000000000e+000
  5.591929034707e-001  8.290375725550e-001  0.000000000000e+000
  0.000000000000e+000  0.000000000000e+000  1.000000000000e+000
  5.832203143350e+000  7.172538028353e+001  0.000000000000e+000
Part: 1 (556)
 -8.290375725550e-001 -5.591929034707e-001  0.000000000000e+000
  5.591929034707e-001 -8.290375725550e-001  0.000000000000e+000
  0.000000000000e+000  0.000000000000e+000  1.000000000000e+000
 -7.509781853762e+000  7.421249300120e+001  0.000000000000e+000
MaFrame 13
Part: 1 (39)
  1.000000000000e+000  0.000000000000e+000  0.000000000000e+000
  0.000000000000e+000  1.000000000000e+000  0.000000000000e+000
  0.000000000000e+000  0.000000000000e+000  1.000000000000e+000
  0.000000000000e+000  0.000000000000e+000  0.000000000000e+000
Part: 1 (143)
  4.440892098501e-016 -1.000000000000e+000 -2.220446049250e-016
  1.000000000000e+000  4.440892098501e-016  4.930380657631e-032
  4.930380657631e-032 -2.220446049250e-016  1.000000000000e+000
  0.000000000000e+000  5.310714285714e+001  1.134013518010e-015
Part: 1 (281)
 -1.000000000000e+000  0.000000000000e+000  0.000000000000e+000
  0.000000000000e+000 -1.000000000000e+000  0.000000000000e+000
  0.000000000000e+000  0.000000000000e+000  1.000000000000e+000
  0.000000000000e+000  2.500000000000e+000 -2.664541382334e-015
Part: 1 (380)
  7.547095802228e-001 -6.560590289905e-001  0.000000000000e+000
  6.560590289905e-001  7.547095802228e-001  0.000000000000e+000
  0.000000000000e+000  0.000000000000e+000  1.000000000000e+000
  8.540557762605e+000  7.555582631932e+001  0.000000000000e+000
Part: 1 (556)
 -7.547095802228e-001 -6.560590289905e-001  0.000000000000e+000
  6.560590289905e-001 -7.547095802228e-001  0.000000000000e+000
  0.000000000000e+000  0.000000000000e+000  1.000000000000e+000
 -1.050873484958e+001  7.781995505998e+001  0.000000000000e+000
MaFrame 14
Part: 1 (39)
  1.000000000000e+000  0.000000000000e+000  0.000000000000e+000
  0.000000000000e+000  1.000000000000e+000  0.000000000000e+000
  0.000000000000e+000  0.000000000000e+000  1.000000000000e+000
  0.000000000000e+000  0.000000000000e+000  0.000000000000e+000
Part: 1 (143)
  4.440892098501e-016 -1.000000000000e+000 -2.220446049250e-016
  1.000000000000e+000  4.440892098501e-016  4.930380657631e-032
  4.930380657631e-032 -2.220446049250e-016  1.000000000000e+000
  0.000000000000e+000  5.350000000000e+001  1.221245327088e-015
Part: 1 (281)
 -1.000000000000e+000  0.000000000000e+000  0.000000000000e+000
  0.000000000000e+000 -1.000000000000e+000  0.000000000000e+000
  0.000000000000e+000  0.000000000000e+000  1.000000000000e+000
  0.000000000000e+000  2.500000000000e+000 -2.664541382334e-015
Part: 1 (380)
  6.691306063589e-001 -7.431448254774e-001  0.000000000000e+000
  7.431448254774e-001  6.691306063589e-001  0.000000000000e+000
  0.000000000000e+000  0.000000000000e+000  1.000000000000e+000
  1.169553866056e+001  7.902765539204e+001  0.000000000000e+000
Part: 1 (556)
 -6.691306063589e-001 -7.431448254774e-001  0.000000000000e+000
  7.431448254774e-001 -6.691306063589e-001  0.000000000000e+000
  0.000000000000e+000  0.000000000000e+000  1.000000000000e+000
 -1.392497313699e+001  8.103504721112e+001  0.000000000000e+000
MaFrame 15
Part: 1 (39)
  1.000000000000e+000  0.000000000000e+000  0.000000000000e+000
  0.000000000000e+000  1.000000000000e+000  0.000000000000e+000
  0.000000000000e+000  0.000000000000e+000  1.000000000000e+000
  0.000000000000e+000  0.000000000000e+000  0.000000000000e+000
Part: 1 (143)
  4.440892098501e-016 -1.000000000000e+000 -2.220446049250e-016
  1.000000000000e+000  4.440892098501e-016  4.930380657631e-032
  4.930380657631e-032 -2.220446049250e-016  1.000000000000e+000
  0.000000000000e+000  5.389285714286e+001  1.308477136165e-015
Part: 1 (281)
 -1.000000000000e+000  0.000000000000e+000  0.000000000000e+000
  0.000000000000e+000 -1.000000000000e+000  0.000000000000e+000
  0.000000000000e+000  0.000000000000e+000  1.000000000000e+000
  0.000000000000e+000  2.500000000000e+000 -2.664541382334e-015
Part: 1 (380)
  5.735764363510e-001 -8.191520442890e-001  0.000000000000e+000
  8.191520442890e-001  5.735764363510e-001  0.000000000000e+000
  0.000000000000e+000  0.000000000000e+000  1.000000000000e+000
  1.525011233883e+001  8.208911052685e+001  0.000000000000e+000
Part: 1 (556)
 -5.735764363510e-001 -8.191520442890e-001  0.000000000000e+000
  8.191520442890e-001 -5.735764363510e-001  0.000000000000e+000
  0.000000000000e+000  0.000000000000e+000  1.000000000000e+000
 -1.770756847170e+001  8.380983983590e+001  0.000000000000e+000
MaFrame 16
Part: 1 (39)
  1.000000000000e+000  0.000000000000e+000  0.000000000000e+000
  0.000000000000e+000  1.000000000000e+000  0.000000000000e+000
  0.000000000000e+000  0.000000000000e+000  1.000000000000e+000
  0.000000000000e+000  0.000000000000e+000  0.000000000000e+000
Part: 1 (143)
  4.440892098501e-016 -1.000000000000e+000 -2.220446049250e-016
  1.000000000000e+000  4.440892098501e-016  4.930380657631e-032
  4.930380657631e-032 -2.220446049250e-016  1.000000000000e+000
  0.000000000000e+000  5.428571428571e+001  1.395708945243e-015
Part: 1 (281)
 -1.000000000000e+000  0.000000000000e+000  0.000000000000e+000
  0.000000000000e+000 -1.000000000000e+000  0.000000000000e+000
  0.000000000000e+000  0.000000000000e+000  1.000000000000e+000
  0.000000000000e+000  2.500000000000e+000 -2.664541382334e-015
Part: 1 (380)
  4.694715627859e-001 -8.829475928589e-001  0.000000000000e+000
  8.829475928589e-001  4.694715627859e-001  0.000000000000e+000
  0.000000000000e+000  0.000000000000e+000  1.000000000000e+000
  1.915128829107e+001  8.469455247906e+001  0.000000000000e+000
Part: 1 (556)
 -4.694715627859e-001 -8.829475928589e-001  0.000000000000e+000
  8.829475928589e-001 -4.694715627859e-001  0.000000000000e+000
  0.000000000000e+000  0.000000000000e+000  1.000000000000e+000
 -2.180013106964e+001  8.610296716742e+001  0.000000000000e+000
MaFrame 17
Part: 1 (39)
  1.000000000000e+000  0.000000000000e+000  0.000000000000e+000
  0.000000000000e+000  1.000000000000e+000  0.000000000000e+000
  0.000000000000e+000  0.000000000000e+000  1.000000000000e+000
  0.000000000000e+000  0.000000000000e+000  0.000000000000e+000
Part: 1 (143)
  4.440892098501e-016 -1.000000000000e+000 -2.220446049250e-016
  1.000000000000e+000  4.440892098501e-016  4.930380657631e-032
  4.930380657631e-032 -2.220446049250e-016  1.000000000000e+000
  0.000000000000e+000  5.467857142857e+001  1.482940754321e-015
Part: 1 (281)
 -1.000000000000e+000  0.000000000000e+000  0.000000000000e+000
  0.000000000000e+000 -1.000000000000e+000  0.000000000000e+000
  0.000000000000e+000  0.000000000000e+000  1.000000000000e+000
  0.000000000000e+000  2.500000000000e+000 -2.664541382334e-015
Part: 1 (380)
  3.583679495453e-001 -9.335804264972e-001  0.000000000000e+000
  9.335804264972e-001  3.583679495453e-001  0.000000000000e+000
  0.000000000000e+000  0.000000000000e+000  1.000000000000e+000
  2.334090896933e+001  8.680514011026e+001  0.000000000000e+000
Part: 1 (556)
 -3.583679495453e-001 -9.335804264972e-001  0.000000000000e+000
  9.335804264972e-001 -3.583679495453e-001  0.000000000000e+000
  0.000000000000e+000  0.000000000000e+000  1.000000000000e+000
 -2.614165024882e+001  8.788024395889e+001  0.000000000000e+000
MaFrame 18
Part: 1 (39)
  1.000000000000e+000  0.000000000000e+000  0.000000000000e+000
  0.000000000000e+000  1.000000000000e+000  0.000000000000e+000
  0.000000000000e+000  0.000000000000e+000  1.000000000000e+000
  0.000000000000e+000  0.000000000000e+000  0.000000000000e+000
Part: 1 (143)
  4.440892098501e-016 -1.000000000000e+000 -2.220446049250e-016
  1.000000000000e+000  4.440892098501e-016  4.930380657631e-032
  4.930380657631e-032 -2.220446049250e-016  1.000000000000e+000
  0.000000000000e+000  5.507142857143e+001  1.570172563398e-015
Part: 1 (281)
 -1.000000000000e+000  0.000000000000e+000  0.000000000000e+000
  0.000000000000e+000 -1.000000000000e+000  0.000000000000e+000
  0.000000000000e+000  0.000000000000e+000  1.000000000000e+000
  0.000000000000e+000  2.500000000000e+000 -2.664541382334e-015
Part: 1 (380)
  2.419218955997e-001 -9.702957262760e-001  0.000000000000e+000
  9.702957262760e-001  2.419218955997e-001  0.000000000000e+000
  0.000000000000e+000  0.000000000000e+000  1.000000000000e+000
  2.775651677919e+001  8.838940942012e+001  0.000000000000e+000
Part: 1 (556)
 -2.419218955997e-001 -9.702957262760e-001  0.000000000000e+000
  9.702957262760e-001 -2.419218955997e-001  0.000000000000e+000
  0.000000000000e+000  0.000000000000e+000  1.000000000000e+000
 -3.066740395802e+001  8.911517510692e+001  0.000000000000e+000
MaFrame 19
Part: 1 (39)
  1.000000000000e+000  0.000000000000e+000  0.000000000000e+000
  0.000000000000e+000  1.000000000000e+000  0.000000000000e+000
  0.000000000000e+000  0.000000000000e+000  1.000000000000e+000
  0.000000000000e+000  0.000000000000e+000  0.000000000000e+000
Part: 1 (143)
  4.440892098501e-016 -1.000000000000e+000 -2.220446049250e-016
  1.000000000000e+000  4.440892098501e-016  4.930380657631e-032
  4.930380657631e-032 -2.220446049250e-016  1.000000000000e+000
  0.000000000000e+000  5.546428571429e+001  1.657404372476e-015
Part: 1 (281)
 -1.000000000000e+000  0.000000000000e+000  0.000000000000e+000
  0.000000000000e+000 -1.000000000000e+000  0.000000000000e+000
  0.000000000000e+000  0.000000000000e+000  1.000000000000e+000
  0.000000000000e+000  2.500000000000e+000 -2.664541382334e-015
Part: 1 (380)
  1.218693434051e-001 -9.925461516413e-001  0.000000000000e+000
  9.925461516413e-001  1.218693434051e-001  0.000000000000e+000
  0.000000000000e+000  0.000000000000e+000  1.000000000000e+000
  3.233228517860e+001  8.942374260226e+001  0.000000000000e+000
Part: 1 (556)
 -1.218693434051e-001 -9.925461516413e-001  0.000000000000e+000
  9.925461516413e-001 -1.218693434051e-001  0.000000000000e+000
  0.000000000000e+000  0.000000000000e+000  1.000000000000e+000
 -3.530992363352e+001  8.978935063248e+001  0.000000000000e+000
MaFrame 20
Part: 1 (39)
  1.000000000000e+000  0.000000000000e+000  0.000000000000e+000
  0.000000000000e+000  1.000000000000e+000  0.000000000000e+000
  0.000000000000e+000  0.000000000000e+000  1.000000000000e+000
  0.000000000000e+000  0.000000000000e+000  0.000000000000e+000
Part: 1 (143)
  4.440892098501e-016 -1.000000000000e+000 -2.220446049250e-016
  1.000000000000e+000  4.440892098501e-016  4.930380657631e-032
  4.930380657631e-032 -2.220446049250e-016  1.000000000000e+000
  0.000000000000e+000  5.585714285714e+001  1.744636181554e-015
Part: 1 (281)
 -1.000000000000e+000  0.000000000000e+000  0.000000000000e+000
  0.000000000000e+000 -1.000000000000e+000  0.000000000000e+000
  0.000000000000e+000  0.000000000000e+000  1.000000000000e+000
  0.000000000000e+000  2.500000000000e+000 -2.664541382334e-015
Part: 1 (380)
  2.220446049250e-016 -1.000000000000e+000  0.000000000000e+000
  1.000000000000e+000  2.220446049250e-016  0.000000000000e+000
  0.000000000000e+000  0.000000000000e+000  1.000000000000e+000
  3.700000000000e+001  8.989272013131e+001  0.000000000000e+000
Part: 1 (556)
  2.220446049250e-016 -1.000000000000e+000  0.000000000000e+000
  1.000000000000e+000  2.220446049250e-016  0.000000000000e+000
  0.000000000000e+000  0.000000000000e+000  1.000000000000e+000
 -4.000000000000e+001  8.989272013131e+001  0.000000000000e+000
MaFrame 21
Part: 1 (39)
  1.000000000000e+000  0.000000000000e+000  0.000000000000e+000
  0.000000000000e+000  1.000000000000e+000  0.000000000000e+000
  0.000000000000e+000  0.000000000000e+000  1.000000000000e+000
  0.000000000000e+000  0.000000000000e+000  0.000000000000e+000
Part: 1 (143)
  4.440892098501e-016 -1.000000000000e+000 -2.220446049250e-016
  1.000000000000e+000  4.440892098501e-016  4.930380657631e-032
  4.930380657631e-032 -2.220446049250e-016  1.000000000000e+000
  0.000000000000e+000  5.625000000000e+001  1.831867990632e-015
Part: 1 (281)
 -1.000000000000e+000  0.000000000000e+000  0.000000000000e+000
  0.000000000000e+000 -1.000000000000e+000  0.000000000000e+000
  0.000000000000e+000  0.000000000000e+000  1.000000000000e+000
  0.000000000000e+000  2.500000000000e+000 -2.664541382334e-015
Part: 1 (380)
 -5.233595624294e-002 -9.986295347546e-001  0.000000000000e+000
  9.986295347546e-001 -5.233595624294e-002  0.000000000000e+000
  0.000000000000e+000  0.000000000000e+000  1.000000000000e+000
  3.901137541871e+001  8.991860817705e+001  0.000000000000e+000
Part: 1 (556)
  2.617694830787e-002 -9.996573249756e-001  0.000000000000e+000
  9.996573249756e-001  2.617694830787e-002  0.000000000000e+000
  0.000000000000e+000  0.000000000000e+000  1.000000000000e+000
 -4.100449023774e+001  8.984029848254e+001  0.000000000000e+000
MaFrame 22
Part: 1 (39)
  1.000000000000e+000  0.000000000000e+000  0.000000000000e+000
  0.000000000000e+000  1.000000000000e+000  0.000000000000e+000
  0.000000000000e+000  0.000000000000e+000  1.000000000000e+000
  0.000000000000e+000  0.000000000000e+000  0.000000000000e+000
Part: 1 (143)
  4.440892098501e-016 -1.000000000000e+000 -2.220446049250e-016
  1.000000000000e+000  4.440892098501e-016  4.930380657631e-032
  4.930380657631e-032 -2.220446049250e-016  1.000000000000e+000
  0.000000000000e+000  5.664285714286e+001  1.919099799709e-015
Part: 1 (281)
 -1.000000000000e+000  0.000000000000e+000  0.000000000000e+000
  0.000000000000e+000 -1.000000000000e+000  0.000000000000e+000
  0.000000000000e+000  0.000000000000e+000  1.000000000000e+000
  0.000000000000e+000  2.500000000000e+000 -2.664541382334e-015
Part: 1 (380)
 -1.045284632677e-001 -9.945218953683e-001  0.000000000000e+000
  9.945218953683e-001 -1.045284632677e-001  0.000000000000e+000
  0.000000000000e+000  0.000000000000e+000  1.000000000000e+000
  4.102134919294e+001  8.983919348823e+001  0.000000000000e+000
Part: 1 (556)
  5.233595624294e-002 -9.986295347546e-001  0.000000000000e+000
  9.986295347546e-001  5.233595624294e-002  0.000000000000e+000
  0.000000000000e+000  0.000000000000e+000  1.000000000000e+000
 -4.200726402297e+001  8.976160030833e+001  0.000000000000e+000
MaFrame 23
Part: 1 (39)
  1.000000000000e+000  0.000000000000e+000  0.000000000000e+000
  0.000000000000e+000  1.000000000000e+000  0.000000000000e+000
  0.000000000000e+000  0.000000000000e+000  1.000000000000e+000
  0.000000000000e+000  0.000000000000e+000  0.000000000000e+000
Part: 1 (143)
  4.440892098501e-016 -1.000000000000e+000 -2.220446049250e-016
  1.000000000000e+000  4.440892098501e-016  4.930380657631e-032
  4.930380657631e-032 -2.220446049250e-016  1.000000000000e+000
  0.000000000000e+000  5.703571428571e+001  2.006331608787e-015
Part: 1 (281)
 -1.000000000000e+000  0.000000000000e+000  0.000000000000e+000
  0.000000000000e+000 -1.000000000000e+000  0.000000000000e+000
  0.000000000000e+000  0.000000000000e+000  1.000000000000e+000
  0.000000000000e+000  2.500000000000e+000 -2.664541382334e-015
Part: 1 (380)
 -1.564344650402e-001 -9.876883405951e-001  0.000000000000e+000
  9.876883405951e-001 -1.564344650402e-001  0.000000000000e+000
  0.000000000000e+000  0.000000000000e+000  1.000000000000e+000
  4.302441212429e+001  8.965469373498e+001  0.000000000000e+000
Part: 1 (556)
  7.845909572785e-002 -9.969173337331e-001  0.000000000000e+000
  9.969173337331e-001  7.845909572785e-002  0.000000000000e+000
  0.000000000000e+000  0.000000000000e+000  1.000000000000e+000
 -4.300763410463e+001  8.965667954447e+001  0.000000000000e+000
MaFrame 24
Part: 1 (39)
  1.000000000000e+000  0.000000000000e+000  0.000000000000e+000
  0.000000000000e+000  1.000000000000e+000  0.000000000000e+000
  0.000000000000e+000  0.000000000000e+000  1.000000000000e+000
  0.000000000000e+000  0.000000000000e+000  0.000000000000e+000
Part: 1 (143)
  4.440892098501e-016 -1.000000000000e+000 -2.220446049250e-016
  1.000000000000e+000  4.440892098501e-016  4.930380657631e-032
  4.930380657631e-032 -2.220446049250e-016  1.000000000000e+000
  0.000000000000e+000  5.742857142857e+001  2.093563417865e-015
Part: 1 (281)
 -1.000000000000e+000  0.000000000000e+000  0.000000000000e+000
  0.000000000000e+000 -1.000000000000e+000  0.000000000000e+000
  0.000000000000e+000  0.000000000000e+000  1.000000000000e+000
  0.000000000000e+000  2.500000000000e+000 -2.664541382334e-015
Part: 1 (380)
 -2.079116908178e-001 -9.781476007338e-001  0.000000000000e+000
  9.781476007338e-001 -2.079116908178e-001  0.000000000000e+000
  0.000000000000e+000  0.000000000000e+000  1.000000000000e+000
  4.501507395649e+001  8.936561461831e+001  0.000000000000e+000
Part: 1 (556)
  1.045284632677e-001 -9.945218953683e-001  0.000000000000e+000
  9.945218953683e-001  1.045284632677e-001  0.000000000000e+000
  0.000000000000e+000  0.000000000000e+000  1.000000000000e+000
 -4.400491487904e+001  8.952560809843e+001  0.000000000000e+000
MaFrame 25
Part: 1 (39)
  1.000000000000e+000  0.000000000000e+000  0.000000000000e+000
  0.000000000000e+000  1.000000000000e+000  0.000000000000e+000
  0.000000000000e+000  0.000000000000e+000  1.000000000000e+000
  0.000000000000e+000  0.000000000000e+000  0.000000000000e+000
Part: 1 (143)
  4.440892098501e-016 -1.000000000000e+000 -2.220446049250e-016
  1.000000000000e+000  4.440892098501e-016  4.930380657631e-032
  4.930380657631e-032 -2.220446049250e-016  1.000000000000e+000
  0.000000000000e+000  5.782142857143e+001  2.180795226942e-015
Part: 1 (281)
 -1.000000000000e+000  0.000000000000e+000  0.000000000000e+000
  0.000000000000e+000 -1.000000000000e+000  0.000000000000e+000
  0.000000000000e+000  0.000000000000e+000  1.000000000000e+000
  0.000000000000e+000  2.500000000000e+000 -2.664541382334e-015
Part: 1 (380)
 -2.588190451025e-001 -9.659258262891e-001  0.000000000000e+000
  9.659258262891e-001 -2.588190451025e-001  0.000000000000e+000
  0.000000000000e+000  0.000000000000e+000  1.000000000000e+000
  4.698787842384e+001  8.897274848397e+001  0.000000000000e+000
Part: 1 (556)
  1.305261922201e-001 -9.914448613738e-001  0.000000000000e+000
  9.914448613738e-001  1.305261922201e-001  0.000000000000e+000
  0.000000000000e+000  0.000000000000e+000  1.000000000000e+000
 -4.499842285977e+001  8.936847580002e+001  0.000000000000e+000
MaFrame 26
Part: 1 (39)
  1.000000000000e+000  0.000000000000e+000  0.000000000000e+000
  0.000000000000e+000  1.000000000000e+000  0.000000000000e+000
  0.000000000000e+000  0.000000000000e+000  1.000000000000e+000
  0.000000000000e+000  0.000000000000e+000  0.000000000000e+000
Part: 1 (143)
  4.440892098501e-016 -1.000000000000e+000 -2.220446049250e-016
  1.000000000000e+000  4.440892098501e-016  4.930380657631e-032
  4.930380657631e-032 -2.220446049250e-016  1.000000000000e+000
  0.000000000000e+000  5.821428571429e+001  2.268027036020e-015
Part: 1 (281)
 -1.000000000000e+000  0.000000000000e+000  0.000000000000e+000
  0.000000000000e+000 -1.000000000000e+000  0.000000000000e+000
  0.000000000000e+000  0.000000000000e+000  1.000000000000e+000
  0.000000000000e+000  2.500000000000e+000 -2.664541382334e-015
Part: 1 (380)
 -3.090169943749e-001 -9.510565162952e-001  0.000000000000e+000
  9.510565162952e-001 -3.090169943749e-001  0.000000000000e+000
  0.000000000000e+000  0.000000000000e+000  1.000000000000e+000
  4.893741820641e+001  8.847717215074e+001  0.000000000000e+000
Part: 1 (556)
  1.564344650402e-001 -9.876883405951e-001  0.000000000000e+000
  9.876883405951e-001  1.564344650402e-001  0.000000000000e+000
  0.000000000000e+000  0.000000000000e+000  1.000000000000e+000
 -4.598747714607e+001  8.918539033986e+001  0.000000000000e+000
MaFrame 27
Part: 1 (39)
  1.000000000000e+000  0.000000000000e+000  0.000000000000e+000
  0.000000000000e+000  1.000000000000e+000  0.000000000000e+000
  0.000000000000e+000  0.000000000000e+000  1.000000000000e+000
  0.000000000000e+000  0.000000000000e+000  0.000000000000e+000
Part: 1 (143)
  4.440892098501e-016 -1.000000000000e+000 -2.220446049250e-016
  1.000000000000e+000  4.440892098501e-016  4.930380657631e-032
  4.930380657631e-032 -2.220446049250e-016  1.000000000000e+000
  0.000000000000e+000  5.860714285714e+001  2.355258845098e-015
Part: 1 (281)
 -1.000000000000e+000  0.000000000000e+000  0.000000000000e+000
  0.000000000000e+000 -1.000000000000e+000  0.000000000000e+000
  0.000000000000e+000  0.000000000000e+000  1.000000000000e+000
  0.000000000000e+000  2.500000000000e+000 -2.664541382334e-015
Part: 1 (380)
 -3.583679495453e-001 -9.335804264972e-001  0.000000000000e+000
  9.335804264972e-001 -3.583679495453e-001  0.000000000000e+000
  0.000000000000e+000  0.000000000000e+000  1.000000000000e+000
  5.085834975118e+001  8.788024395889e+001  0.000000000000e+000
Part: 1 (556)
  1.822355254921e-001 -9.832549075640e-001  0.000000000000e+000
  9.832549075640e-001  1.822355254921e-001  0.000000000000e+000
  0.000000000000e+000  0.000000000000e+000  1.000000000000e+000
 -4.697139988955e+001  8.897647719560e+001  0.000000000000e+000
MaFrame 28
Part: 1 (39)
  1.000000000000e+000  0.000000000000e+000  0.000000000000e+000
  0.000000000000e+000  1.000000000000e+000  0.000000000000e+000
  0.000000000000e+000  0.000000000000e+000  1.000000000000e+000
  0.000000000000e+000  0.000000000000e+000  0.000000000000e+000
Part: 1 (143)
  4.440892098501e-016 -1.000000000000e+000 -2.220446049250e-016
  1.000000000000e+000  4.440892098501e-016  4.930380657631e-032
  4.930380657631e-032 -2.220446049250e-016  1.000000000000e+000
  0.000000000000e+000  5.900000000000e+001  2.442490654175e-015
Part: 1 (281)
 -1.000000000000e+000  0.000000000000e+000  0.000000000000e+000
  0.000000000000e+000 -1.000000000000e+000  0.000000000000e+000
  0.000000000000e+000  0.000000000000e+000  1.000000000000e+000
  0.000000000000e+000  2.500000000000e+000 -2.664541382334e-015
Part: 1 (380)
 -4.067366430758e-001 -9.135454576426e-001  0.000000000000e+000
  9.135454576426e-001 -4.067366430758e-001  0.000000000000e+000
  0.000000000000e+000  0.000000000000e+000  1.000000000000e+000
  5.274540791829e+001  8.718360004711e+001  0.000000000000e+000
